0.02909147477163808
0.00391749557084303
-0.00592551858585775
-0.04435703505978501
-0.08327423434767152
0.05664003474596011
0.05587439215486825
-0.07879111974800716
-0.06257818506589875
0.03827167315668362
0.06318236117118589
0.02478472909392590
-0.01560358377914386
-0.02605061088949851
0.05287060428381654
0.02823070809533564
0.11643704708880467
-0.03187625474795887
0.04691071060479362
0.05198142866742211
-0.09491014928798086
-0.00763171931763170
-0.04394973167272445
0.00279896307813954
0.05875456589157467
0.00790528213183712
0.03837189514949354
0.00634507873247064
0.00871190325913015
0.00427967710105632
-0.00023341734459848
0.01609863747724889
0.00865794534696667
-0.03073387404725519
0.02953167511372881
-0.00130359723985734
-0.04084549709076669
-0.03453215853074004
0.03419063513677956
-0.00358814081505499
0.03257799523154452
-0.03082801767271291
0.01059393487073042
-0.02725232702666842
0.04396750229960618
0.00279940668232694
-0.00854000217460130
-0.06249275134838029
-0.00997723182754534
-0.02832292830739842
0.02977331358711466
0.02315196647987058
-0.02183881781878916
0.03795561182067962
0.05845070168306276
-0.03007201176175080
-0.05289119419579862
0.03660368933418125
-0.05630426998834896
0.05814374008845482
-0.04524959036279520
-0.07682314642100678
0.05338712467464701
-0.04914815800389932
-0.00944577037250182
0.06284533829905695
-0.10358834903042702
-0.09484647851671411
-0.04702491910758540
-0.06326003381079526
0.08593152856519445
0.10565516708863672
0.08394053738583089
-0.07595346706253978
0.05818000256752578
-0.10302916002508858
-0.11338961463972541
0.07268070145750723
-0.07807992124209592
-0.07859623400853993
-0.10807768003534624
-0.08705005893751167
-0.07705759420724954
0.11343865098693812
0.10266785728394046
-0.09611652268005995
0.04223971704659244
-0.09786461547356483
-0.07816498573208369
0.13311766311543166
0.07638975958241463
0.09829547845972972
0.09655536812703396
0.10135780053630543
-0.11664367715515631
-0.09380461928632611
0.01206635827480007
0.03372642601474499
0.03126949739020511
0.01694711705332885
-0.00595635075368723
0.04297480060623241
0.00797414651903344
-0.06895887142814498
-0.08237516548172347
-0.06373768408685329
-0.06812773312919455
-0.06657146753732632
-0.04776039543443826
-0.09342866341127412
-0.02086066552705424
0.05491291706315867
0.07827729606426279
0.01615191379685625
0.02945906173651356
-0.05426739447197256
0.04614399041526440
0.07860625715921354
-0.02002951226657301
0.09229063317151884
-0.04469052457791811
-0.00614479301856054
0.02528646565503385
-0.12023298366746499
-0.07004837201759123
0.03589211327024725
-0.00575544107608148
0.00725549332222085
