0.50218690348388373
0.10957176658252839
0.31530739277907732
0.50918983063487300
0.15984172086403045
0.28041604835067574
0.15441462140912660
0.59539697887612786
0.70547040248123993
0.65755315551037452
0.22669773113174416
0.09305719864805699
0.85271939057615898
0.36264045955352808
0.58560992783628463
0.20160699223730899
0.68983543407156711
0.41437379771325311
0.41546240263314671
0.65410958260536345
0.21830615258667432
0.86309886835697081
0.39125189857548220
0.56267810210242530
0.10457393520837183
0.10849790064419862
1.69955776870205133
0.26781475132710258
0.62217796314462415
1.19564119368160138
1.30873261476681790
0.82005342963961692
0.74342554826090879
0.07777679118490646
0.66659782711384741
0.40969339736954646
0.31543372648514106
0.27432390408384527
0.51396100503773912
0.27925866272994648
0.37521122357112002
0.30785106993265815
0.85353581858086602
0.43427919693036099
0.67703993858776246
0.45991976932353162
0.60232503203621635
0.40018811229914908
0.32023954997220511
0.64308532747697789
0.76550012556179869
0.37946756908354617
0.47672173206698676
0.08628079858816148
0.18262577475425174
0.71491853127119387
1.93049368160856205
0.76015727518040044
0.23656626680669465
0.30015958718628682
0.33778555509032493
0.28897702463625696
0.93033627132809382
0.98944271641306059
0.48885379551446928
0.70698591722914295
0.57375218296860764
0.60408089948980037
0.17993167354868950
0.28352169886241080
1.27886026705590461
0.33243979159574943
0.23708872194918890
0.98241879577327429
0.58507434769848110
0.64481222490615853
0.87763374034100805
0.12044120157364201
0.33107461144101646
0.16671512424143134
0.12767090706367618
0.49512503522443985
0.60104018667645620
0.44646802752060416
0.39982586309096152
2.04952987795258146
0.43000391767071366
0.56361019652825384
0.72488916409750670
0.40000211410944642
0.24370428402622474
0.09321111799613356
0.19674410189337047
0.17559620640850188
0.82796595715927712
0.48386810552656367
0.50393756029138403
0.25898849138400737
0.40998055069213196
0.31368106029066745
0.90552823205866761
0.86590100559283578
0.47497844011574974
0.03108157649499473
0.31541035298417353
0.15433942648888510
0.57922740270875250
0.81542801377191809
0.53374199627545482
1.21027236244507796
0.90991536714336130
0.68716578261084638
0.26474579392225961
1.83912990543340360
0.42299724819981299
0.34471583352393814
0.25745179088685038
0.01935997846914482
0.07639309385285875
0.83676223210865430
0.42392444899565218
0.70181199035097497
0.13066553618284965
0.23639333888834591
0.22295149833412684
0.70682021927975636
0.44547967136918470
0.86349779695403572
0.36611400598952487
0.44948003661456470
0.66672539381499674
0.60663061597543522
0.48439323675704277
0.82961732094785068
0.12519356737481241
0.58191395867461693
1.15948137259115858
0.36767163347338533
0.26685799652950642
0.87256919212442807
0.33130482761828567
0.48685060007690850
0.07382393590237385
0.12248482796225645
0.21706893459355867
0.41621977051761783
0.50682406139383063
0.33455714282349686
0.57751572473498536
0.57805429426905275
0.33904076223897650
0.70742849573386224
0.70687886966118363
1.05242425484873503
0.46379477598933488
0.32962785985585774
0.09695899459344866
0.43485506022887460
0.17967035251729316
0.12848072677790578
0.66674325871997342
0.49902725091972189
0.86439877826415246
0.36867350940992233
0.30644733579178940
0.24126512191992208
0.74082103883191164
0.73573652808088186
