-0.04910212337908811
-0.03901831165376740
-0.00421214449024521
0.03345764759730463
0.02321240933016899
-0.07021324898064601
-0.03263041275991941
0.04142799882324070
-0.02677860999654440
0.01308205002631763
0.08542838494889328
0.04000959415198010
0.05667333396701932
0.07026998302733416
-0.11301869605634463
0.00369334364978264
0.04081887906245704
0.03731062825973117
0.00841023235155014
0.00168309983468903
0.00484610173615725
-0.03965974131265843
0.01815449715010329
-0.05971040549494790
0.03875014543430907
0.02169204527059103
-0.11378145249403303
0.09145104768969189
-0.02270619743907649
0.00382039774530860
0.00789903568070437
-0.00692405472612438
0.00090231524247243
0.01987746772224661
-0.05670343876718001
-0.07366439317379757
0.06368837872046507
0.02329566253307774
-0.02638448807935549
0.02534121900016351
-0.03344199961864554
0.00763330371303870
-0.04265986038175053
0.02520068075697535
-0.06845012142964318
-0.01115313311001805
0.05054707367789422
0.05367465708261162
0.05338711744268224
0.05521916525736081
-0.06434253289118771
-0.04940728914992222
0.06357482197051952
-0.06434634563249514
-0.05349921736179024
0.08612571785488496
0.08444502322203265
-0.05117390836667296
0.02216092134398669
-0.05618792147681360
0.08517136340282211
0.05131696849154395
-0.05271727144403880
0.03843390657146666
-0.01407753389151546
-0.06153383996667097
0.07571151999980558
0.03717531421788302
0.00858443215958245
0.01564470404571335
-0.04351714131257402
-0.05657522971130766
-0.06873297058533900
0.05865971171731207
-0.06672650817017410
-0.01051922031426158
0.03356119291338826
-0.05893941615070121
0.04893589918195398
0.03342969323350156
0.02266599996405730
0.07735647590874301
0.02752686941498689
-0.01486266575031110
-0.05039394064375409
0.03540486497386607
-0.01223712019320236
0.04671941111020864
-0.02463839465507434
0.01370770920109432
-0.01429640256607450
0.04496549907921305
-0.02342297631569066
0.00361360921416139
-0.07788359428204757
0.04491030937848244
-0.03187052379074574
0.05550298519683805
-0.01817155756233960
-0.04727015436553916
0.04636797272198027
0.07756179886962897
-0.06195784484107079
-0.06832418690776365
0.06158243830702582
0.03269363622142687
0.06972460826768091
-0.11943788035677128
-0.03781916395127157
0.05953985517320977
-0.07507158054253474
-0.02126948028438486
0.06826620278968376
-0.05857446122167165
0.09065202410719322
-0.07763237772154610
0.07250918739000438
-0.01954752559440901
-0.11926890654360708
0.01144655066355416
-0.04313243012572855
0.11035676285547398
-0.05123876829890546
-0.00522511857236389
-0.02015401287388711
0.00450109347746647
-0.00809545895902521
-0.06326886541266351
