0.60768032814203243
0.39374506171413015
0.48066225544962243
0.56097688280311586
0.41689986029687282
0.09676341373752792
0.22671469310418196
0.51427779340834412
0.48538007121004928
0.37596344950418009
0.15123505318049696
0.39516952991253101
0.64184039263830039
0.40327730940574430
1.13260143756171883
0.29577200180576518
0.90009318343775513
0.22500530292448656
0.18609293704746144
0.34003537587724092
0.25141682693782352
0.26025285261203379
0.25253127791325597
0.82511352075815692
0.53611763644807053
4.48569628469083259
0.31480066586845501
0.75263939677078873
0.37854992404613108
0.63199126912847892
0.38058717646527807
0.48216219978480779
0.31407392953702074
0.31579953040009484
0.24236650144878935
0.34905328363415550
0.78013285073753924
0.38547778647197117
0.32360602533114230
0.11037486492895186
0.40092464587841103
0.43589319248746350
0.50668365313401864
0.56396238114473352
0.57778483852693951
0.30359411932655522
0.15609698818524520
0.51011494129623314
0.70155428393273167
1.08162819182153069
0.57459878278830434
0.71238607962905287
0.31840060516081242
0.53672016247389687
2.10397599258053214
0.26160652243008409
0.51289028722681806
0.31865541835939959
0.81195489003378196
0.83072653564561094
0.82161252100424154
0.33134317913026140
0.06641638787563436
0.36816672828883629
0.18990716613018957
0.10854585815143442
0.16512767275418844
0.24849235879045739
0.40176647790390663
0.81672720518435160
0.53956445530950925
0.35133505148296995
0.21183620643613654
0.39137783284873284
0.04328935135257411
0.62038746649662113
0.20706382020201436
0.81289013777499797
0.18619658683248655
0.07839403764481731
0.81125355813710542
0.80168774459519310
2.02228781456722029
0.52561714563305950
0.28792022487442620
0.32119898534736790
1.09811682513986009
0.61468181604686367
0.32895342256643861
0.13397364962887831
0.98579347677357754
0.13070430295676541
0.60339222609091414
0.28841384692449590
0.14855665094647375
0.34076374701681550
0.18058338150324724
0.34244905095236627
1.19023456690592599
0.34584117715549717
0.27522148230172677
0.17992931255774866
0.07987914434554876
0.09304200267636868
0.88302634833766724
0.90290574960379688
0.10431703864813573
0.25661233041309678
0.55262374762278310
2.00521054890839645
0.62495786625755612
1.17789808171420241
0.28302796904610050
1.14931062151047181
0.48571217559409158
0.60004004643469533
0.38786948591172443
0.80496309957704570
0.08346629976571354
0.12137837485402539
0.88110001556374118
0.58484465909710392
0.47091825133062959
1.20739537875102898
0.48030139284571316
0.43650282251793188
0.51239210991979067
0.29091664387669869
0.98718883259216261
0.51207207186013237
0.35200365539859235
0.82173811315744605
0.19113723019940915
0.48380111030520329
0.65512834189845215
1.97505542563702585
0.67613928682739599
0.24618661459081712
0.29945857472639026
0.42760397652360571
0.30685248362417195
0.75407644683098896
0.81749251161155012
0.63115309523878893
0.52884733832511455
0.21137575369091924
0.31030130136772988
0.42844786504923055
0.60869900531490695
0.48616171717391027
0.45477772833602481
0.47107086177926355
0.18555275782178626
0.04407064519539075
0.73065556730160985
0.37779779493776200
0.29533866638589940
0.17157926640726287
0.76157515983790192
0.54005281111767445
1.93287532671905926
1.01585792350723314
0.39717507270770525
0.40789356201002958
0.53621486562538778
0.72308976952299187
0.36920859772139958
0.19753578677775491
