28.13703572176533640
60.05684702258652408
93.55839568388127248
120.46413138760902939
145.57063786564688712
175.51768469794313887
214.82969022873467679
246.83298214684882055
285.21379557727209431
331.73547761619363428
360.24934019110048666
392.75859109664196467
356.28603717481786362
374.54511067564237692
407.54792875121819407
438.53921017221580314
458.93115298089128373
463.20943198837335331
463.90650531536641665
473.01494040370914718
457.16847990725977979
476.38326902308682520
491.86250355055335604
485.61904929472621006
488.34628892018463375
493.81051401220179287
453.81053653488186228
459.96254766677941461
455.67084026399703589
433.87699269065615226
440.42217129968986455
437.56664962911935390
487.32328630150709614
505.52661249566250490
503.18080866042822663
506.65193517414218149
524.47411339755228710
546.86985733325502679
579.45171613428624369
600.62110707571184776
614.89691590988024927
591.86588797948684260
573.23192343336927479
573.47391549774135910
574.57410766072052866
568.50418604057824723
594.85495438894520248
581.70385436331150686
574.84331021520222293
573.74143499527758649
568.92312418502717719
559.42080477482272727
580.94076173308178568
587.02648452675919089
574.06266610009924989
561.32647892009663337
545.97847425903739804
517.80481414729842982
492.80118725490689258
484.93330470000847754
494.57588521630265177
497.02202069563594478
522.48621551325265955
504.58218357938534382
522.77136085473716776
527.28656677291166943
529.71012006004639261
523.34508145122254064
552.41881139265353795
546.18248009391447795
534.60790942977143914
533.16200407566736885
522.96873353698231313
502.24769702203354882
512.73522032207313259
530.76973607643105879
548.18143394070511931
581.11781934288592311
580.28224108587323826
578.35827739260901126
560.28485446622767086
559.81839259319497160
519.77432271325210422
537.75071408649409932
514.71337496309092785
513.67267080629380871
494.49403618230218171
510.42760774956218484
462.45899385633333623
517.82562385391486259
555.53318528055865499
572.65785683187982613
575.04451685808317052
576.76348644879874428
574.53484348904271428
566.07777901535166620
580.00643041615921902
586.99838008389474453
590.60674596992714669
612.34926752332478372
