0.00010773733903957
0.00508967381373097
-0.00160147520595578
0.00382353246523541
0.00248549448013561
-0.00245459321056134
-0.00685956110984340
0.00468327018987059
-0.00013452991698056
0.00246279372928151
0.00231043907330958
0.00015492550032929
-0.00101488127730676
0.00562238015100479
0.00553797025366060
-0.00068479059311519
0.00086354525262390
0.00299782478253452
0.00259013154585355
-0.00455149885286149
-0.00914953866581212
-0.01052739578012062
-0.00270238178587786
-0.00209376592340672
-0.00127199854831514
-0.00098876178750897
-0.00584293604203293
0.00378099870400320
-0.00378663430370099
0.00930162962466038
-0.00466566481807284
0.00641462115084629
0.00413646437918718
-0.00416562529121398
0.00140972289002014
0.00237240556284337
-0.00466053055917243
-0.00248729049599528
0.00039898984970233
-0.00513185716839991
0.00058747078117301
-0.00673806400566259
-0.00039262150505238
0.00241028382457897
-0.00142009113802286
0.00394191699830652
0.00429981972078229
-0.01385603632374542
-0.00418639134131403
0.00121326136798392
-0.00957756776392323
-0.00022888457648204
-0.00213736894672332
-0.01164422658328891
-0.00110180790097563
0.00196573888328657
0.00293299625048799
0.00035708363017099
0.00335526451104699
-0.00062073741009038
0.00151218917817264
0.00727795461425249
0.00298744733242313
-0.00310676246611915
-0.00462300319516182
0.00277326373875699
0.00372916704972382
0.00379316886226708
-0.00782919109449202
-0.00309927736990425
-0.00066167570475325
-0.00740792522226808
0.00293616400548000
0.00034982072805369
0.00817901298965520
0.00073160442333256
0.00467295592461788
-0.00171904808623965
-0.00321491407143599
0.00526465715865804
-0.00379038864511294
0.00250581552410186
0.00018788738609936
0.00960338534490979
-0.00179539880683959
0.00683072733530006
0.01679728770130469
0.00684843371498512
-0.00223149572335387
-0.00652305634948184
-0.00080352307971628
-0.00100448730137283
-0.00061293794140975
-0.00082606288551503
0.00165740641630877
-0.00317842178808178
0.01020024888571081
0.00006405269871580
-0.00017712533637369
0.00122526218060795
0.00774922244238623
-0.00286609919931761
-0.01310240801639990
0.00631506834198058
-0.00010290269413119
0.00061125896550411
0.00107226542702912
0.00205943785837300
-0.00276945938124817
0.00230099773642316
-0.01135244604027841
-0.00472961571511863
0.00223200828890477
0.00805826198135252
-0.00568979489927249
-0.00991661518897223
-0.00765290045959087
-0.00249108526229399
-0.00086492435526425
-0.00057062153852733
0.00371786656176275
0.00500859164711835
0.00471730901720511
0.00613479852250858
-0.00850168758571313
-0.00233267862021372
0.00132784429052109
-0.00089132201620370
