-0.00353977368045782
-0.00352544883353944
-0.00094318336772890
-0.00473265310951188
0.00029832772335153
0.00479663046631686
-0.00827632990099154
-0.00265292624745459
-0.00283147804180929
-0.00848442578184360
0.00297682138954359
0.00324950991504073
-0.00159387457563422
0.00380688988363055
0.01337280458494186
-0.00603905885025537
0.00441423552795061
-0.00727529369586278
0.00280936764300451
0.01302209804875622
0.00289958049260714
0.00315017476627974
-0.00143511143461498
-0.00302770823058250
0.00157083043181929
-0.00241395080091276
0.00701624323612469
0.00269910454176641
0.00063315895054301
0.00220050135427538
-0.00472966926582477
0.00273830086881078
-0.00074991886677114
-0.00610881851631347
-0.00738830027093041
0.00495703819628604
-0.00383441437667240
-0.00160888387740391
-0.00223541619518461
0.00306745353643406
0.00781877133642897
-0.00212446365239827
-0.00439073705739735
-0.01898115002639237
-0.00132898424338833
-0.00933878128507152
-0.00260574393597087
0.00055980455472179
-0.00121882743980497
-0.00014898036363016
-0.00379197998458203
0.00184624354870654
0.00125467545372120
-0.00628815268374796
0.00220479186617554
-0.00424376156480851
-0.00505614847883831
0.00333129724201903
0.00242429909226454
0.00802623169233553
-0.00363715180513683
0.00008294465201023
0.00304010153675881
0.00073578442069992
0.00211038733052310
0.00029057502742468
-0.00476663128036482
0.00028661417305997
-0.00106903468010737
-0.00415696610795408
0.00117155356418145
-0.00404251133069742
0.00550930642052563
-0.00882037915380513
-0.00354398290305987
0.01182078811207865
-0.00045035628249440
0.01171904364920186
-0.00017585508418219
-0.00133186442964544
0.00742458490203169
-0.00251144765213819
0.00348329658919023
-0.00045355483996573
-0.00321148810266328
-0.00362468954309659
-0.00008137083773623
-0.00009917525299457
0.00524189424074736
0.00353455226528421
0.00124806497510235
0.00147593950859285
0.00274068433386350
0.00242869361460776
0.00301040689757518
0.00184004220485365
-0.00770358292356268
0.00348808810595471
-0.00415543643493217
-0.00622487484621603
-0.00191339622616370
0.00468137224434535
0.00180024447105748
-0.00271695217121143
0.00487816094007389
-0.00516922263941195
0.00144783805683909
0.00151179177240255
0.00834816684638762
0.01112040164150923
0.00261363816492878
-0.00044241845610775
-0.00251194967699589
0.00260054586956484
0.00407322982929421
-0.00135248913973795
-0.00436705709896780
-0.00256159366500763
0.00406281566760860
-0.01001210921281342
-0.00072781210797559
-0.00351091080884509
-0.00390478956592792
0.00948460411476193
0.00069498568209522
0.00261317723421860
-0.00460062985081987
-0.00240924302864308
